200
4999999 3
5000006 6
4999994 2
4999998 2
5000003 5
4999994 3
5000003 3
5000002 2
4999994 5
4999995 2
4999998 2
5000002 2
5000006 2
4999994 5
5000004 6
5000005 6
4999996 5
5000001 3
4999999 7
4999999 5
4999994 3
5000004 2
5000005 3
5000003 3
5000000 6
5000005 3
4999996 5
5000004 3
4999996 7
4999996 3
5000000 3
4999994 3
4999999 5
4999996 5
4999999 2
4999994 3
4999997 6
4999997 5
4999997 6
5000003 3
4999995 5
4999999 7
5000000 3
4999995 5
5000004 4
5000003 3
4999995 4
4999997 3
5000001 2
4999994 3
4999996 4
4999993 5
5000005 2
5000003 5
5000003 5
5000005 2
4999998 3
5000006 4
5000003 7
5000002 5
5000001 5
5000006 6
5000000 2
5000005 3
4999996 2
5000003 3
4999999 7
4999997 6
5000004 2
5000002 2
4999994 3
4999996 7
4999996 7
5000000 6
4999995 2
5000004 3
5000001 2
5000005 3
5000002 6
4999995 2
4999995 5
5000000 2
4999999 2
5000001 5
4999993 5
4999997 2
5000003 5
5000002 5
5000000 3
4999997 3
5000006 2
4999997 3
4999997 5
4999998 5
5000001 5
5000005 3
5000004 3
4999996 3
5000005 2
5000005 6
-5000006 5
-4999997 6
-4999996 5
-5000002 2
-5000005 3
-4999995 3
-5000000 2
-5000000 7
-5000004 5
-4999995 3
-5000004 2
-5000000 7
-4999998 5
-5000001 5
-4999997 3
-4999998 2
-4999995 7
-5000004 2
-4999999 4
-4999997 4
-5000006 5
-4999999 2
-5000005 2
-4999995 7
-4999998 2
-5000007 6
-5000003 2
-4999997 5
-5000006 6
-4999999 3
-4999994 2
-4999998 6
-4999996 2
-4999997 2
-5000004 7
-4999995 7
-4999998 2
-4999999 7
-5000007 4
-4999999 2
-5000004 5
-4999996 7
-5000001 2
-4999997 4
-4999997 2
-5000006 5
-4999996 5
-5000004 3
-4999996 3
-5000004 2
-5000006 5
-5000001 6
-5000007 2
-5000005 7
-4999994 5
-4999997 3
-5000001 3
-4999999 6
-4999997 3
-4999993 6
-5000002 7
-4999999 5
-5000004 2
-5000001 2
-4999999 4
-4999996 5
-5000003 3
-4999999 3
-4999995 3
-4999994 2
-4999996 5
-4999995 3
-4999995 3
-5000003 3
-5000001 6
-4999995 3
-5000005 4
-4999998 2
-4999997 5
-5000001 2
-4999998 5
-5000003 3
-5000006 4
-5000006 6
-4999994 2
-5000005 5
-5000006 7
-5000004 2
-4999994 5
-5000006 5
-4999994 2
-5000006 7
-4999996 3
-4999999 5
-5000001 4
-4999997 4
-4999995 3
-5000003 3
-5000002 3
-5000006 6